Zur Ubung. 227

2. Audire Ersatzmitiel 11111113111111111
3) perr IV, 32, 1; 5) 31133311 V, 23, 63 1) par 31331
idem V,- 16, 3; interdicit 313311331131 V, 22, 5; pree·
31337 31331 interdicit V, 58, 43 311331 31331 orere VI, 9, 7. ,,
17. 73111 Verbum: ⁴
1. 7713 111111 uns armari (IV, 32, 2), 1331 reperirem (54, 4),
inderetis 1113331113 (71, 2, 2)7
2. 77311111 1111117, 27, 1 proelio 11 33311311 111171,34,1
31311311 defendere (131 311111 V, 7, 8 31313113 deferrdere)?¹
3. 7731111 1313111131Ξ 1311 3131111 (7, 51, 4)7
4. 773 111111 faeie 11111311131, ohne 11313111111111311 11 11133111

7. 7311 'Pronemenz
7733 131 zu 5111311311 fiber

1. (31333137 71, 22, 3.

2. 31133717, 26, 1; 28, 2.

31111717, 12,3 (13113).7,4,4 (1113173131). 7, 33401331
victoriam). VI, 12, 1 (iri). V1,19, 4 (11331 memoriam).

4. idem? V, 42, 5. VI, 13, 5. (eodem VI, 4, 5.)

5133177, 43, 5

5.qreeree?IV, 1, 8; 25,.1

7. 33133317 71, 34, 2. -

3. 7711 11111,“13 31333111111,111111 13 111117311115331111
113131311111111111(17,1,2; 16, 6)7

71. 731113731111131111

1. 7731111 11111131 31331, 11, 331 einen 6331113313 1111111117
Ι7,,;26136,.4 V,1,.85 (3133117265.)

2. 7711111 311131131131131131111313133117, 12, 5 31111111

3. 3111313113111111133, 31313131311111113331111111 11111111 1311133311·
(1111111111 7311111111 1111313111. 7713 11131111 13 (111331131117

4. 7711311331111111311313133117, 1, 67 11311111 IV, 26, 57
31331.. 31331 71, 27, 27 31331.. .31,33113311317 7, 37

5. 33311113 31331 eriere IV, 20, 3. 313111 tamer 31133 7, 55, 2.·
31331 3311333111 IV, 2113. 31331 3333131717, 5. 1113
33137, 58, 41

7117311 den 711333111311311 ln compositis. , .-
1. 7733111111 perducere (7, 23, 6), pervenire (V, 45, 5), 311- -
33115111(7, 47, 5131133111 (V1,4, 6)

2. 77331111133311317111 (17,2 ,5) 1113313131131(71,35,3)7 ·

7111. 3331111111 Ι31111131113111
1. ed 31 11111 medi 311313111ιῶ13 71, 34, 7. , =
2. 7111113111 11311131 IV, 22, 2. 71, 22, 3. 4; 27, 1.

 

