Zur 11111113.

(3. 111111111111111.

(1111111131, 10,2.
disciplina 31, 13, 4.
mV,Q‚4.
extremus Vl, 29, 3.
fidssV, 3, V.
11139111ὲ131,1320,4. 3,,.34 33,
magnopore IV, 11, 1.
11131,11(13 34, 5qucntus.,)V 43,3,
48, 2. VI, 30, 2.
1111111131, 13, 10.
memoris VI, 3, 5.
omnis IV, 4, 4.

11.

1111111111 3, 43, 3.
11131111113,44 5 11113.
1113111111311113 V, 56, 2.

’ 111Ι3,,.2333,3,,4 23,.,,33Ι63.

11111111 1111111 1111111 IV, 12, 3.
An 11111113, 48, 3.
1131111431.

- 1131111113, 40, 3.

1111111111, 11111...1111113, 36, 4
1111113111 sich 1111111111. 31, 3, 3.
1111111111 1111...11111111“1Ι3,2,2. 3,
111111..

Binnsnlcnd V, 12, 1.

Dausr V 13, 2.

ο111111113,42,3.

11111Ι3,1, 3, 21,9, 33,13,44,6.
1111111113, 16, 4. 33 33, 10.
311111111312, 3.

1111133,18,1.

sntsprschsnd VI, 34, V.

11111111, dass nicht 3, 36, 4.
1111 V, 48, 8.

Pau: in 1111131111 VI, 32, 2, 11111111
1111111 31, 11, 4.

Volgo IV, 29, 3. 3, 29, 3, 33,4. 6.

stigen, sich VI, 13, 6.

(11111113, 10, 3, 13, 2.
31111113, 43, 3.
311111111111111131, 32, 1.
3111111111 (11111113, 33, 8.
11111111,311111111 VI, V, V.
11111113,36,1.
3111111, V, 31, 4.
111113, 3, V.

'oratic V, 38, 4.

,1111111111 IV, 33, 2. ·

11111113, 43, 2.

probare VI, 13, 8.

1111111113, 23, 3.

1113,;2,84 23,,3 33,,,ς2431
57,1. ','vl 24, 3, 32, 3.

1131131, 8, 6. 1. convertens V1,3,5.
1 1111113 234 33,3’,36. 1113111
1111131113111, 1.

11111113, 19, 3. 31, 339

tradere 31, 14, 6.

versari 33, 13, 1.

’“1111, sich V, 40, 3.
(1111111111 31, 13, 4.
311111111113, 33, 2.

111111111111111 31, 24, 3.
Η1111111111113, 33, 1.
111111111111 VI, 36, 1. .
11111111311, 1111 VI, 35, 9.
Η111111113Ι, 32, 5.

irgcndwis, 1131111131, 22, 3.

Jctdesmcl VI, 22, 2.

joint IV, 23, 3. 3, 33, 1.

nen 11, 111. V, 11, 1.
Klima v, 11, c.
5315& nior 1111111. animan

lassen 3, 31, 1.

11111111 31, 12, l.
11111113, 13, l. V, 43, 6.
Lisbhabsrsi IV, 2, 2.

3311113, 21, 9.

1111111311 IV, 25, l.
Μ11111111311131,16, 2.
111111111111111113 IV, 20, 2
11111111 3, 40,ag 4. ·
Μ11111 3,48, 1.

11331111 3 V, 1

Morgcn IV, 13, 4.

nameus V, 25, 1.

1111111111 31, V, V.

1111131113,42,.4

Nicdsrglcgc V, IV, 5.

1111Ι3ε81,9’(11111111),3,2,14,3
3,413(1111111111)3,30,1.

 

