xm Geogrephieeher Abriss.

661161166166116166 116661166 11666, 116 en ihren Neehkommen‚ 166
16161666 1666666666, 166661666 166666166166, 666611 6661 166 66166 ,
6616 6661 166 6611661166 Seite: (16161166 (1666611161, 1666661611, ζ
6666666666, 6666666666, 666666 u. s. w. 161166661161661

Beziehung 66161666 616 166 Germanou 161661661 6116116166 66666666 j

66 6616, ele die 166666666 66 16616 66116666 666666166166 Ζ6666616
rung jetzt sind.

166 166 66116616166 11116666161166, 16666 81166 661166-
1616666 wir feet 616 66666 16611666661666666, waren 116 161-
11616166116Η61161166, 71Η6166111, 16666 16611Η6166116, 116
1166111116 166 16611666 86166616, vom (1666166866 116 zum Β6166666
6161 6661666116. 816 66616166 16 6166 (1666, von denen 66661 161
Cesar genennt werden, 1661166666 1166616666, 166 6611 666
061611666166166666116166661161 661666 8116 16116, 661 166
1166666 Verbigenus, 166666 8116 6616611661 161. Als die
Η61661166 im 1616658 666666166166, 661166666 6161 ausser 6661
661166 66 666666166 66666616616611116666161166 11666 66 die kel-
1166166 1166611666, 7511666161, 116 16 166 (166661 666 Β6661 661666,
661116Β6161, 16Β611. 111666 161616666, 61166166 66661616161666
1611 166 661166666616166 Κ61166661166611666611666666, 66666 66166
166666 661 1661166166661611. 816 161166 6616161616661116161116
Noricum (a ger Π11661666 161 (11666), 166 861161 166 06161666,
166 1666616 6661 61611 6666616616 1666166 666, gemacht und die
11666161611 166 11661166 781166616 (16616 11661666 1166616611 16
8161666661, 61666 6111161 6661666166661166) engegriffen. 11661-
1161 66661666 6616166 im 86116116616616, 66611166166 116 666
861661616611166666666666 16616, 66616 1166166166 16661116 bur-
666116616 116116 116 zum Rhein 6161 66616661661 116 161 Omne
Ankunft 16661 116 1166666666 166 16166161 1661 6616661166 86-
666666, 798666661, 116 6161161611 61666616 66 166 Sequana ihre
1161661166 661611 16166. 1166 Η666161611 666 166 16 61666 86116116
166 116616 66166666 8016666116 (16161 Β6666666). 116611161 666
16686166 116 zum Allier 6616 116 616616616 6616611166, (1666616 66-
661666116 111166661611 166 Η11666, 81Η66161. 1166 Η666161611
- 666681Β1166616, 6166 grosse 661 66111616616 81611 (1, 23) 661
dem 16616 6616166166, 6166 6161166 Β666 Β666666, 616661161 16 166
111116166166166, 60166 66611161 666 166 8161116166. 81166661-

 

